0.11463023227539201
0.42259074550284803
0.7594051173479521
1.050911672338048
1.3981998661939041
1.7523982607152
2.127607552400336
2.504694515357472
2.8303359160457124
3.0430406725687527
3.3627360067119203
3.665855014600992
3.9353686377660484
4.183395120858976
4.484088865589777
4.792946037681585
5.1117553004044
5.390890517409775
5.696250962980064
6.045568248600544
6.354770885570847
6.692442112594736
7.043715130523952
7.358032451383954
7.703798288156354
7.969169987109746
8.325545281092305
8.713932956484848
8.99496487942805
9.347362422090912
9.673259265580432
10.053284642618944
10.443481866222303
10.836426887313822
11.18264419654731
11.532208789083885
11.87950850558264
12.13043438880238
12.377327868078368
12.56185545116384
12.758889063433038
13.033543627458352
13.325332588797744
13.560859952834512
13.837047077235793
14.057530479689712
14.295858966697697
14.635868646740784
14.980939786800768
14.989448145889297
14.986981818840047
14.977051175161359
14.984305576113695
14.888609545068975
14.907401578388884
14.94378889817946
14.995892113058275
14.991642901701702
14.986461979360934
14.984832022723253
14.994128167986725
14.997952704334612
14.986540988003798
14.9576660920573
14.961638577535203
14.979555252600644
14.995176630501923
14.99824706668788
14.997942022982068
14.903619861437237
14.928977964126918
14.994491614222726
14.907924718482517
14.920740032555857
14.998898761782387
14.913330307396754
14.988788813986053
14.89463030298578
14.991467354182978
14.898362380892195
14.941241785007476
14.923396154450643
14.931876945702085
14.963374451496595
14.897251351936882
14.981739681162479
14.982699878516927
14.903552577784847
14.952005823009536
14.951763038887067
14.995431392091579
14.998787145917692
14.87411360714958
14.980550634251502
14.946599749000525
14.984743923566766
14.950882503959729
14.999578775618977
14.94891006951984
14.977468409537025
14.96268211039851
14.997399477946482
14.993727149143776
14.965587307996959
14.98409077586688
14.985856737417922
14.95996931126517
14.997149061763409
14.984012599558001
14.953299026682897
14.987234079467187
14.993970511419333
14.915550458323857
14.953264997679106
14.989330744759968
14.996208022319108
14.98586203535733
14.942249982008546
14.968967834957024
14.964039603192832
14.984353363735583
14.914673225896447
14.99228143219168
14.991948576225264
14.972620059798542
14.995753068284413
14.909151164194991
14.935701632146735
14.98213594621067
14.995556808924238
14.89320473003656
14.986031834918192
14.932002590948512
14.991180584347921
14.964126003772993
14.963566077284897
14.986284877657155
14.966020251125759
14.97363791816944
14.966248065813373
14.995342051603377
14.928584130146671
14.994962732534477
14.969029939143246
14.95114803900048
14.965604477831853
14.945975084194428
14.991460561358782
14.915284014499884
14.968448676842714
14.975151563221194
14.909868997061626
14.916354410249111
14.948719944650438
14.952653687585032
14.955819694219656
14.962490227486825
14.944955783805929
14.987149834264105
14.924358482911929
14.975454709370522
14.919056509763612
14.939350175670715
14.93443222181643
14.999945611298653
14.944257353851837
14.994867225163278
14.978069420597421
14.995130009723967
14.958062201570543
14.990277278520768
14.947472994307345
14.929643177980912
14.940638094706978
14.97845865376589
14.98688061879901
14.98644692436208
14.970324980286257
14.926116442929615
14.944319636348016
14.997898089645153
14.997844590749455
14.971179619175297
14.976433884668737
14.978103223374033
14.867791274148448
14.887341276657088
14.87707535411624
14.88658430620947
14.99973021211387
