0.136548234594784
0.17715740555289602
0.340454446292128
0.5344824792334241
0.744812926082736
0.987959165795616
1.242129971363808
1.4076239726234239
1.67229760404592
1.946393844075184
2.21479189356704
2.506221321382336
2.737198749525344
2.988701562726528
3.22708876588864
3.3396997341490713
3.5604990435997435
3.8064657105026236
4.040071067841984
4.274464896356912
4.487810942742528
4.699029249157247
4.921186498940687
5.1492993314317435
5.354890339002975
5.6232936250279355
5.817694985322607
6.089770631337903
6.313041038061503
6.558728755562368
6.792280367745455
7.0259812261537755
7.243878557586175
7.4766119793866705
7.668820329996847
7.8764641582209105
8.034213076647424
8.185586864657632
8.32769134678715
8.47021150525808
8.609376970998815
8.7284180349224
8.833464160882432
8.959368137293968
9.075519965704624
9.185430746498609
9.27789134579552
9.415603476365584
9.574305860923152
9.732043486046559
9.906070798607535
10.090520946151504
10.315212921632845
10.529762391117986
10.729632551581313
10.93924346553936
11.161916066252127
11.368232462014491
11.559415206749948
11.752292107486669
11.953667264764448
12.121384558919088
12.274227336094286
12.41441505868243
12.557796399430464
12.711632395969056
12.859246578548351
13.006537702186927
13.147262667987839
13.300794578772544
13.635745175771168
13.964845523819694
14.30206161662739
14.639194365637886
14.965997558050223
14.995549869553026
14.997601225009248
14.975868600022112
14.937247466117455
14.979144873943792
14.979052643246128
14.9895073236364
14.993140632267295
14.964046067044368
14.98865781464917
14.911645127773749
14.969934052494434
14.957359138922596
14.96803875918866
14.982615511536565
14.999709099090662
14.9968397582909
14.999956485478243
14.992253339816564
14.968489800714561
14.916208305275042
14.995167292410578
14.977412699625182
14.972933877424735
14.949272516794142
14.999523339160863
14.993585325166654
14.989572430505788
14.966299512449279
14.941009316229295
14.98381528151451
14.90357254922542
14.993035823009965
14.997309276664126
14.956458704711391
14.948605543909744
14.959103391728192
14.992526861010049
14.997157510291567
14.992218681065667
14.996275048726384
14.997713669785107
14.984956757787746
14.997988761834709
14.990411617117298
14.973195774176531
14.999894251459091
14.993324654127635
14.966951029035922
14.989782703038752
14.993606813291875
14.999669855466912
14.995409409418658
14.99601297680037
14.99451166090224
14.9897348259108
14.99153350606816
14.995254899549728
14.998210367992241
14.991911478450692
14.997952501484164
14.994943557166145
14.999473399494034
14.97108257061962
14.990998601354336
14.93477677790029
14.993611769140337
14.994990369219568
14.975639523001039
14.998042889429614
14.99892865311267
14.992120495790703
14.99115823725936
14.954968443722432
14.984713558986224
14.959999652020464
14.956048644495343
14.98113858624608
14.99669890559928
14.976856457929664
14.98822732614443
14.990648854459776
14.994287207560095
14.99850729286816
14.992540129173152
14.998887522685568
14.978498363232019
14.989507831948739
14.983646734280997
14.998074224290404
14.999521107097282
14.970955092862837
14.985783864143107
14.968813326251636
14.97946150235943
14.985264585577045
14.972641365716418
14.999639225623524
14.98746907806026
14.996761463740434
14.98224130326749
14.991826568617604
14.993471236309011
14.992719654256117
14.98154314162757
14.992743698671188
14.99383546877717
14.98712108122178
14.99122414599322
14.999326663856834
14.995187835831237
14.995710549509509
14.975638561889525
14.995698942851954
14.999392155304596
0.136548234594784
0.17715740555289602
0.340454446292128
0.5344824792334241
0.744812926082736
0.987959165795616
