0.26131997103776
0.557400926195456
0.9193568955181921
1.283035926252544
1.6324429899857122
1.9529862659918078
2.249227785082304
2.631308925832128
2.8858001753395524
3.207835661455425
3.5257276645917446
3.8511720573412322
4.065895654332288
4.375985694090256
4.68012522511648
4.956209694650337
5.202503917398159
5.512889967920335
5.806222560168127
6.165908069247807
6.434688313932927
6.751129016490896
7.084582963029025
7.410810304053009
7.765899059551729
8.145089231065057
8.495157064976706
8.880551013477296
9.117376233684817
9.457825035715679
9.815404451084799
10.136300015455216
10.504145120861248
10.858006630666255
11.232791942435597
11.607440629387149
11.967373105590847
12.301450873293456
12.643937823814671
12.985524941507505
13.33441461782971
13.66431399348728
13.922758672048193
14.215969930596561
14.478727436330706
14.803069388630048
14.999539766466095
14.987236685332046
14.980346702759345
14.964877041943934
14.973705767436734
14.98305168544651
14.99035788617464
14.997744417466242
14.984964915839122
14.979010076231841
14.892493618399953
14.986323874937476
14.968706878166323
14.925625187682707
14.914901713345795
14.931927403164547
14.955834904061554
14.99695254525653
14.978237744988931
14.97531994200642
14.964317650888821
14.932999701528326
14.913760205421111
14.951642290985607
14.995962255734886
14.925291459502406
14.955460132530773
14.969599213113366
14.981867304048661
14.914191660121237
14.973297755810725
14.979844578770724
14.958052758892833
14.994695795538222
14.908771934453716
14.995968252951375
14.949510512872768
14.93080920551643
14.99543201857144
14.94769016906667
14.9522283307727
14.967094860071406
14.975434109349148
14.951710172592765
14.971779663047036
14.975431019726075
14.983825613735037
14.988070230880892
14.981295735553017
14.946627255597019
14.997967363666476
14.97992144649435
14.887500641289982
14.965715020620257
14.983065229520752
14.970540367243103
14.999840359145711
14.985300033548159
14.982595182230574
14.97019212293016
14.98496085583331
14.998458124205792
14.937864570635616
14.94836350912232
14.963291335727023
14.989956774901872
14.963057842529219
14.953012743930211
14.944967760926753
14.998051125128672
14.974402529590659
14.997799773815329
14.984845231359248
14.98732892215067
14.912770385229901
14.995967080783485
14.992802094192031
14.989240094166188
14.98095137454886
14.923454618036459
14.99763840827563
14.980496322534206
14.97372718261435
14.986657737240478
14.97911953152659
14.979172253540414
14.999170726983794
14.982431275144368
14.985259730522449
14.953465671748548
14.958078761671489
14.948243276923233
14.979910057378255
14.982183036120336
14.971364225479391
14.997554288976847
14.944411846135598
14.976020484172734
14.99424019922163
14.96023925224363
14.942713480261453
14.996519154448716
14.922101855974907
14.968169754808091
14.994195736169097
14.92621683034052
14.934607791451512
14.946252541078888
14.942668218599353
14.930422724330617
14.92508239820908
14.938994640527895
14.912232272695896
14.939589749335017
14.989751622105002
14.953802527585289
14.957726987899195
14.993925531988891
14.993987170291739
14.977937727469786
14.95565507901881
14.970236235825212
14.95154703979387
14.910314116543853
14.900371208660863
14.99448452783107
14.982420849565967
14.917304920075216
14.928717360586031
14.969962511167967
14.99767041857632
14.979047975656014
14.994412456879648
14.928526755673742
14.99849676093232
14.98531075896376
14.997940196753326
14.88314820187347
14.939893512231102
14.8629589863124
14.88092401700795
14.89792665309899
14.937455014095821
14.988541332982413
