0 0 335996 0 51
1 0 351801 0 52
2 0 390314 0 61
3 0 462610 0 73
4 0 517578 0 84
5 0 577534 0 93
6 0 608060 0 99
7 0 697353 0 114
8 0 673766 0 110
9 0 652841 0 106
10 0 640498 0 105
11 0 700145 0 116
12 0 643321 0 110
13 0 654971 0 112
14 0 616740 0 106
15 0 557342 0 97
16 0 594534 0 99
17 0 642432 0 106
18 0 643997 0 102
19 0 591569 0 96
20 0 555677 0 97
21 0 559020 0 96
22 0 594640 0 100
23 0 589254 0 95
24 0 603506 0 97
25 0 641914 0 96
26 0 639938 0 97
27 0 655246 0 97
28 0 547848 0 85
29 0 613332 0 96
30 0 603882 0 98
31 0 614150 0 99
32 0 588841 0 97
33 0 577568 0 89
34 0 498564 0 81
35 0 508881 0 85
36 0 406595 0 66
37 0 392225 0 63
38 0 381797 0 62
39 0 362592 0 60
40 0 355240 0 57
41 0 345767 0 56
42 0 302644 0 52
43 0 300825 0 51
44 0 271562 0 43
45 0 282117 0 45
46 0 278769 0 44
47 0 332680 0 55
48 0 409339 0 67
49 0 438103 0 73
50 0 461544 0 74
51 0 494955 0 81
52 0 540720 0 86
53 0 534433 0 83
54 0 528319 0 80
55 0 563954 0 83
56 0 578286 0 84
57 0 543438 0 83
58 0 544267 0 84
59 0 543034 0 85
60 0 514575 0 86
61 0 476049 0 80
62 0 382465 0 63
63 0 342786 0 56
64 0 371143 0 62
65 0 412463 0 67
66 0 420369 0 67
67 0 377047 0 60
68 0 385276 0 59
69 0 407337 0 59
70 0 836215 0 121
71 0 803924 0 116
72 0 782406 0 112
73 0 810623 0 121
74 0 825216 0 133
75 0 814516 0 131
76 0 906326 0 150
77 0 1095685 0 179
78 0 1189912 0 198
79 0 1195327 0 194
80 0 1244339 0 203
81 0 1118285 0 185
82 0 1210710 0 207
83 0 1243893 0 213
84 0 951806 0 160
85 0 913867 0 154
86 0 823010 0 139
87 0 950270 0 161
88 0 854497 0 139
89 0 1027452 0 172
90 0 1153719 0 195
91 0 1101324 0 184
92 0 970756 0 156
93 0 906628 0 144
94 0 881696 0 143
95 0 848518 0 135
96 0 819774 0 133
97 0 838839 0 134
98 0 753106 0 120
99 0 705676 0 114
100 0 688367 0 114
101 0 709861 0 118
102 0 731036 0 126
103 0 819101 0 138
104 0 785182 0 134
105 0 846176 0 143
106 0 987144 0 163
107 0 1010088 0 166
108 0 909982 0 154
109 0 927041 0 157
110 0 880937 0 147
111 0 888518 0 149
112 0 677628 0 117
113 0 782499 0 133
114 0 901156 0 148
115 0 800241 0 133
116 0 773526 0 126
117 0 757197 0 125
118 0 647428 0 107
119 0 666072 0 114
120 0 334350 0 56
121 0 418698 0 69
122 0 514155 0 86
123 0 522937 0 87
124 0 493612 0 78
125 0 497393 0 81
126 0 371790 0 63
127 0 355247 0 58
128 0 380458 0 63
129 0 366973 0 61
130 0 307142 0 51
131 0 324103 0 54
132 0 418471 0 65
133 0 513654 0 82
134 0 570007 0 91
135 0 607310 0 95
136 0 658938 0 104
137 0 613744 0 97
138 0 602639 0 89
139 0 628301 0 90
140 0 570490 0 79
141 0 438119 0 56
142 0 375250 0 48
143 0 347651 0 49
144 0 354548 0 56
145 0 350160 0 60
146 0 356930 0 63
147 0 380023 0 62
148 0 393054 0 63
149 0 436129 0 69
150 0 509591 0 86
151 0 592274 0 101
152 0 581472 0 104
153 0 560455 0 99
154 0 457756 0 79
155 0 414911 0 71
156 0 404451 0 68
157 0 374079 0 63
158 0 370909 0 62
159 0 326587 0 55
160 0 343676 0 56
161 0 360175 0 58
162 0 378469 0 61
163 0 388918 0 64
164 0 383866 0 65
165 0 383654 0 65
166 0 350046 0 59
167 0 346606 0 55
168 0 347693 0 55
169 0 328795 0 53
170 0 326572 0 53
171 0 341517 0 56
172 0 365259 0 63
173 0 401790 0 69
174 0 415775 0 73
175 0 452369 0 78
176 0 515731 0 87
177 0 556977 0 91
178 0 534470 0 91
179 0 387348 0 64
180 0 339217 0 57
181 0 307724 0 51
182 0 291132 0 50
183 0 358571 0 61
184 0 359315 0 61
185 0 350981 0 60
186 0 396375 0 66
187 0 403074 0 69
188 0 395850 0 70
189 0 388868 0 70
